4294967294,0
4294967294,942
4294967294,939
4294967294,933
4294967294,129
4294967294,830
4294967294,829
4294967294,827
4294967294,60
4294967294,50
4294967294,11
4294967278,132
4294967278,131
4294967278,130
4294967278,129
4294967278,128
4294967278,127
4294967278,255
4294967278,126
4294967278,125
4294967278,124
4294967278,360
4294967278,123
4294967278,252
4294967278,122
4294967278,121
4294967278,120
4294967278,119
4294967278,118
4294967278,243
4294967278,117
4294967278,116
4294967278,115
4294967278,114
4294967278,113
4294967278,235
4294967278,112
4294967278,111
4294967278,231
4294967278,110
4294967278,229
4294967278,109
4294967278,227
4294967278,108
4294967278,107
4294967278,106
4294967278,105
4294967278,104
4294967278,217
4294967278,103
4294967278,102
4294967278,357
4294967278,101
4294967278,356
4294967278,100
4294967278,355
4294967278,99
4294967278,98
4294967278,97
4294967278,96
4294967278,95
4294967278,350
4294967278,94
4294967278,93
4294967278,92
4294967278,348
4294967278,91
4294967278,90
4294967278,345
4294967278,89
4294967278,309
4294967278,87
4294967278,86
4294967278,307
4294967278,85
4294967278,84
4294967278,343
4294967278,83
4294967278,82
4294967278,81
4294967278,80
4294967278,79
4294967278,339
4294967278,78
4294967278,77
4294967278,76
4294967278,337
4294967278,75
4294967278,74
4294967278,73
4294967278,72
4294967278,71
4294967278,70
4294967278,69
4294967278,68
4294967278,67
4294967278,66
4294967278,65
4294967278,64
4294967278,63
4294967278,62
4294967278,61
4294967278,60
4294967278,59
4294967278,58
4294967279,75
4294967279,73
4294967279,71
4294967279,65
4294967279,61
4294967279,58
4294967279,50
4294967279,44
4294967279,39
4294967279,36
4294967279,33
4294967279,32
4294967279,31
4294967279,26
4294967279,24
4294967279,23
4294967279,20
4294967279,15
4294967279,276
4294967279,11
4294967279,9
4294967279,8
4294967279,7
4294967279,6
4294967279,5
4294967279,4
4294967294,417
4294967294,470
4294967294,25
4294967294,920
4294967294,27
4294967294,93
4294967294,95
4294967294,5
4294967294,30
4294967294,941
4294967294,938
4294967294,922
4294967294,828
4294967294,81
4294967294,82
4294967294,12
4294967294,67
4294967294,68
0,5
4294967279,303
2,2
2,4
30,4
30,3
30,2
30,1
29,4
29,3
29,2
29,1
28,4
28,3
28,2
28,1
4294967279,570
27,4
27,3
27,2
27,1
4294967278,380
4294967279,569
4294967279,568
4294967278,379
4294967279,567
4294967278,378
26,4
4294967279,566
26,3
26,2
26,1
4294967278,377
4294967278,376
4294967278,375
4294967278,374
25,6
25,5
25,4
25,3
25,2
25,1
4294967294,436
4294967294,1419
4294967294,1418
24,5
24,4
24,3
24,2
24,1
23,6
23,5
23,4
23,3
23,2
23,1
4294967279,565
22,6
22,5
22,4
22,3
22,2
22,1
4294967278,373
21,6
21,5
21,4
21,3
21,2
21,1
4294967278,372
20,5
20,4
20,3
20,2
20,1
4294967279,564
4294967278,371
4294967279,563
4294967279,562
4294967279,561
4294967279,560
4294967278,370
4294967278,369
4294967279,559
4294967279,558
4294967278,368
4294967278,367
4294967278,366
4294967278,365
4294967294,973
4294967278,364
4294967279,557
4294967293,131
4294967293,130
4294967293,129
4294967293,128
4294967293,127
4294967293,126
4294967293,125
4294967293,124
4294967293,123
4294967293,122
4294967293,121
4294967293,120
4294967293,119
4294967293,118
4294967293,117
4294967293,116
4294967293,115
4294967293,114
4294967293,113
4294967293,112
4294967293,111
4294967293,110
4294967293,109
4294967293,108
4294967293,107
4294967293,106
4294967293,105
4294967293,104
4294967293,103
4294967293,102
4294967293,101
4294967293,100
4294967293,99
4294967293,98
4294967293,97
4294967293,96
4294967293,95
4294967293,94
4294967293,93
4294967293,92
4294967293,91
4294967293,90
4294967293,89
4294967293,88
4294967293,87
4294967293,86
4294967293,85
4294967293,84
4294967293,83
4294967293,82
4294967293,81
4294967293,80
4294967293,79
4294967293,78
4294967293,77
4294967293,76
4294967293,75
4294967293,74
4294967293,73
4294967293,72
4294967293,71
4294967293,70
4294967293,69
4294967293,68
4294967293,67
4294967293,66
4294967293,65
4294967293,64
4294967293,63
4294967293,62
4294967293,61
4294967293,60
4294967293,59
4294967293,58
4294967293,57
4294967293,56
4294967293,55
4294967293,54
4294967293,53
4294967293,52
4294967293,51
4294967293,50
4294967293,49
4294967293,48
4294967293,47
4294967293,46
4294967293,45
4294967293,44
4294967293,43
4294967293,42
4294967293,41
4294967293,40
4294967293,39
4294967293,38
4294967293,37
4294967293,36
4294967293,35
4294967293,34
4294967293,33
4294967293,32
4294967293,31
4294967293,30
4294967293,29
4294967293,28
4294967293,27
4294967293,26
4294967293,25
4294967293,24
4294967293,23
4294967293,22
4294967293,21
4294967293,20
4294967293,19
4294967293,18
4294967293,17
4294967293,16
4294967293,15
4294967293,14
4294967293,13
4294967293,12
4294967293,11
